655
4764
677
8878
7506
3377
3883
1362
4101
3937
8182
2554
2167
2390
474
1443
5512
5155
1969
7159
877
4742
8364
1930
3122
5255
7557
91
6279
2361
6996
871
3939
2601
8224
7713
6404
7843
2604
6870
6718
4714
9711
120
4626
2125
3985
6974
7813
1967
4048
8761
3862
5780
9158
9238
1525
1065
5219
2391
7205
1104
9590
4393
2628
3817
875
4517
8569
2398
68
8299
8658
1345
8766
9179
8771
8566
3932
6881
2299
3449
6016
1727
8329
291
1828
2981
1902
3994
9109
4339
6633
4614
8885
7665
3549
7305
6384
7810
7841
223
8493
6637
656
9754
4460
7110
2897
7056
1586
4762
489
7858
2545
8951
5197
119
1926
4121
3409
1174
6205
978
5676
8999
1336
5455
4265
8653
8677
150
7499
1241
3091
1260
8065
6927
5996
1719
2339
3195
2503
5860
743
5926
7261
553
8194
7561
125
9866
4946
314
1821
440
4412
816
7103
8748
7427
8706
4313
854
5001
8878
6323
6840
7700
9680
5023
2016
8931
8552
3688
1799
4110
9186
4974
9339
8827
6668
5434
5637
3985
9320
2705
3957
1454
9196
591
993
345
6879
3603
2243
3980
2066
1184
7445
8768
340
3660
2097
8074
9034
4071
7392
1798
1091
763
8996
4696
9360
8285
7743
4292
8098
6260
325
181
4360
1991
8398
8779
9517
8479
7158
605
2644
9075
6884
8024
6246
8414
4244
6913
7497
9270
4064
351
2891
331
3190
8707
5121
9247
5310
1113
7052
7271
767
3089
3265
1535
3
1857
7779
3075
7419
4190
7813
6242
3532
4371
1417
6960
3187
2383
7927
4108
7017
6126
5466
3996
5295
9380
7163
9458
2376
8481
2268
5354
444
5338
5381
628
8552
9598
3606
33
6957
5713
3168
3547
6815
555
9791
2576
5926
9601
6787
2588
5487
7275
7644
723
1770
6389
4595
3777
2000
6268
569
124
899
3862
9165
6520
344
2712
8631
1351
951
7353
4324
1825
1803
6205
833
6423
5331
808
1172
249
3639
4834
1798
4771
7392
9822
7046
7806
7021
4666
5394
7434
8074
4782
9360
6284
2450
4928
2541
7444
339
9604
4660
7092
4237
8534
6057
5251
1829
9845
8916
777
9930
3103
5606
8490
7990
1802
3974
621
2535
4869
3147
6906
6586
8044
9529
4481
6490
8673
1296
1559
440
5212
8134
5250
3858
4906
4014
498
7846
8563
3
1015
3691
8190
3797
4085
528
1613
5776
1197
5698
6655
723
204
9971
5243
8526
4890
9024
8227
3403
1220
2272
3264
9564
1064
4228
7250
8558
5840
8671
3220
6590
9967
8886
2255
7858
9956
7586
1044
3053
5585
6037
9705
1757
4712
9602
4691
9084
9515
6517
8685
1227
9740
2338
2233
8404
8491
8791
487
8271
7279
6643
5064
6606
1061
5382
5608
8905
2097
4217
5578
1006
3337
138
2379
4862
8647
4902
503
1498
9213
7761
6384
367
401
6976
6220
6105
9936
1296
2310
6379
433
1089
4762
8469
6649
4491
7601
9901
9267
9228
834
3046
4351
2903
9563
8772
8867
873
4574
2684
9639
1009
723
8455
7458
5290
8119
6408
773
8997
4487
7387
1591
391
8613
1764
3124
3965
324
4052
5232
782
3132
5590
6210
2020
6187
2326
2891
1633
9311
2447
3637
8053
3989
1045
359
1213
5240
1552
8333
9854
3646
3347
1709
8245
5961
357
4551
6471
7984
9311
9370
956
7203
6244
5260
8558
5271
9929
7071
7397
3335
4817
2432
8562
2684
8126
7387
8816
9887
4164
3036
8045
6292
3116
1620
969
3346
6582
7359
1973
9056
4242
1509
2050
4991
5988
2730
6287
6817
9255
3989
2389
3453
6365
1680
5476
6322
5146
4845
4215
3773
7492
1097
5860
1125
1635
982
307
1720
7116
2674
870
3561
8520
7132
2469
8107
1579
8553
879
1916
4793
9353
2519
9418
971
6435
2449
7539
7764
144
9876
823
6990
550
5468
4940
5784
4930
1369
8919
8995
977
8833
871
187
7207
1365
5797
8264
7306
5094
1433
6652
4722
7169
6984
3858
9281
779
9649
2729
7972
487
8485
3945
7992
1822
241
5177
4739
1417
4073
9292
6820
5541
7546
9665
7356
471
17
4446
5349
674
506
4342
7506
6482
5111
8606
8251
5525
1591
1210
729
2581
1222
384
2665
8238
3730
4712
8762
7775
6518
705
5468
560
6412
5348
2580
3461
516
1058
1160
9466
6720
9784
8720
2370
9491
3078
5542
9037
1547
8247
5002
630
3521
2576
8535
3231
1905
5084
1123
7549
4498
9544
9566
9697
8339
756
1998
4617
808
5479
4851
4415
332
8124
7070
7200
9608
1542
8052
5653
184
913
4471
8863
229
1102
6303
7390
3249
8875
9990
4336
19
2727
9407
9269
2144
4897
9733
5584
2678
2632
8736
7906
4
7035
7738
6272
5093
8145
8955
7300
221
5551
1555
1759
854
239
7990
1062
8757
4659
6167
2526
4497
4702
4448
8154
5755
3148
9575
5303
8258
2236
3028
3370
6990
5264
3752
3451
178
3100
6390
6611
7202
7618
5922
8426
904
3591
6083
4103
1702
222
3955
5875
5376
5322
7146
7715
4777
7139
5271
7906
9529
5654
7728
822
8682
7226
8800
9454
5793
3872
5185
7490
8525
5451
7858
2498
8656
5129
2703
5041
5792
9102
3600
3548
1255
705
9756
4123
9230
7095
2315
4731
3897
8305
4226
1258
5983
1528
5966
3462
1581
3960
2654
7775
938
838
2320
5911
3067
3802
9249
8216
4655
5174
8130
9617
6402
6191
9877
4726
8668
9022
114
8536
3679
1713
2269
408
7952
9036
2521
8247
8471
2385
2586
4887
2958
6801
2928
1658
2177
9163
4289
7920
6725
739
6294
2447
7989
9832
1584
3173
7331
6002
5593
9308
6148
1047
6694
5474
8619
4790
7556
1112
4293
7315
1501
4093
5927
4558
7198
2535
2191
2046
3632
6711
1282
2433
5338
5546
4918
6773
7748
3643
6952
7323
8300
4731
8249
4649
6544
3251
6772
7299
9788
6961
9869
7766
6449
5224
6489
9624
9705
7956
9568
6136
4031
8088
1766
8652
9336
3599
2931
3916
4590
1158
2036
2850
5260
1844
9119
9793
8805
6972
2837
2308
7695
9996
6721
1473
4581
8580
2265
6838
7084
7697
5442
6968
8229
9174
6757
1159
9294
3008
8422
6920
1869
5046
6937
3917
7179
8571
5915
8992
7834
9620
9685
7436
1061
1805
2218
9224
6882
8977
6365
9531
9580
5768
716
5499
8789
4165
9795
4850
6627
5899
4455
9387
7
4653
4519
1590
7627
9608
7713
4398
7939
9038
8238
1799
9710
1078
1780
3857
1384
5020
615
2407
7419
7253
7480
2063
624
9613
5099
324
8276
4004
8027
1940
4709
666
4382
9887
823
5116
1882
7898
4134
2439
4082
1713
6450
3740
5931
3336
568
9150
3341
3108
6738
5857
1573
4522
4967
8927
1938
8796
22
9805
5823
8518
3323
9344
2173
2110
3432
7350
5810
7736
5039
1911
3746
5025
3410
5893
8127
5124
9670
4001
555
7765
2920
3844
7172
7752
3676
3517
7661
263
9242
3984
8340
50
39
8121
5095
9405
8017
9855
7606
7612
7333
8977
342
4854
4653
8751
8484
6469
6707
6628
2356
1416
3288
3788
8472
479
4750
9793
9976
1628
3618
6816
2588
2207
6212
2321
3415
4860
4673
826
4555
8121
1206
3171
3946
5464
5339
634
7400
4935
9789
8952
8793
227
3807
7777
5527
9946
3051
6598
607
3601
1607
342
146
8375
427
3040
491
4283
9583
4344
5519
5791
5617
2282
831
7326
1347
7051
4251
798
3355
1029
5610
2682
4122
2016
8393
8149
8191
3802
3837
3405
4246
8342
1536
7819
951
6046
6996
8263
444
2034
866
9341
9100
8059
3270
7157
3773
4804
2645
3557
6506
7673
9728
275
593
6178
7362
5338
6266
2819
2310
4707
9939
3441
3420
2789
9087
4970
765
2983
1856
9605
4594
5414
1306
2010
3705
3744
7957
5836
3694
8773
9885
4560
9420
84
1510
4601
9285
9433
911
7606
9933
1132
242
465
2983
939
3246
7269
7632
41
7430
6776
3179
4537
9851
3830
8350
5448
5815
5545
9060
8593
3519
8036
9993
8989
7564
3576
2052
2832
1923
8598
5509
8479
4015
7662
7585
8713
4203
7524
7471
3116
7387
1817
1160
2420
3339
9105
4056
2814
7096
5838
4483
8804
1808
4770
6537
9420
7368
6857
756
133
9616
1772
5065
1245
5136
7399
3463
6298
7108
9202
2400
6867
8859
7756
2247
1816
9371
8966
6075
4746
4389
6084
1136
7502
8804
1069
3821
4178
9798
8967
1332
3525
9004
6003
9428
1172
773
3420
6518
2124
3109
1761
2177
9883
1758
7521
8142
6990
4173
2752
2781
3348
556
8830
3411
8282
5884
9377
7899
4820
301
1008
9056
2732
399
7710
4755
4998
2409
220
5358
9424
2972
5889
2111
9063
3507
2894
6881
5313
1304
5217
6539
7493
9642
3142
6225
5690
4804
6231
8176
5978
3491
4709
8373
4497
8821
4600
5491
3598
5764
7167
7183
4118
9398
3140
760
8622
7554
3028
274
1790
6668
2470
5698
6890
2760
7328
6520
7602
8361
1744
2374
3222
6075
2794
7140
6194
7112
455
5651
6076
4347
6386
3270
8588
5585
6710
7332
8276
6241
6594
546
5486
1386
5385
9785
3883
5998
5552
1724
4919
3229
671
8024
9499
3581
2420
300
3637
8655
8101
2315
3228
515
2792
978
5894
7537
8001
9536
9993
6390
4587
6048
6705
2803
9469
3470
1483
794
5999
67
7517
8021
6340
4938
5226
6395
31
1003
4108
5143
7416
268
5545
7203
4103
8073
4300
5149
3965
2931
9596
1672
4810
8766
6971
8450
3526
9020
4905
9281
5847
9709
1958
254
2418
8151
2450
6922
3642
8226
7930
291
6876
4058
6712
9909
5356
1885
4658
4448
2443
4468
4469
2511
4669
33
3150
9193
9768
9226
471
6237
6833
6008
2554
9620
9761
9116
7268
3938
3124
5990
4094
4979
2534
9104
713
7179
554
1023
6903
5550
5695
8024
189
7682
7407
3092
1325
9183
3626
5922
889
7357
9578
9429
9304
2153
845
3911
9110
7848
3336
5368
7813
5942
4855
5849
8942
9639
547
5193
5067
5027
4302
9985
8198
6340
937
7602
3003
5256
3272
5477
7843
2944
7729
1708
8510
7586
4319
7559
9039
9805
7528
2280
6526
3328
905
3248
3325
7243
4069
35
9624
1148
2834
4420
7049
7974
9524
5754
9625
4342
9014
8636
4359
7588
745
3761
2174
5632
3050
7325
9060
1996
4191
4432
2042
5461
5714
3584
3729
1820
7897
517
8975
5038
5332
1412
3939
2588
1883
3976
709
6388
9010
7234
2868
2556
746
7146
8296
9470
5801
5817
3141
2658
9274
4890
1661
6504
5637
1594
8141
1111
6764
2578
6779
7562
5124
9614
1652
2537
5018
843
7527
1507
6353
1606
1445
2251
760
1506
6283
8628
1324
523
9759
234
9696
2190
5791
5809
8192
6353
5811
4660
3083
2912
7968
2647
4457
708
3766
7990
7375
689
95
4556
71
2365
7187
3419
6368
2952
2034
631
801
452
4862
5853
6628
3611
5386
4595
2262
2937
8359
9229
2212
7482
6888
6166
6752
5509
8850
8683
4883
7702
5438
5769
3416
2699
8651
2594
2998
4911
3414
3173
8911
188
1428
7953
2665
4522
1130
8720
6904
9409
5687
7082
9908
8153
3045
7141
1375
9065
3266
8502
9055
2024
9029
5170
3943
5591
6838
4146
9876
9205
3501
7216
9457
1830
2723
7724
8923
1431
4902
3772
5494
7286
1907
7069
7464
8231
4573
8013
9683
1695
6207
9976
8058
9762
3668
9780
7588
9197
1644
9315
6648
9140
5044
3670
3246
7409
3799
7798
5868
8421
1296
5658
4724
2118
4034
6976
2945
4644
6012
9528
2708
2475
4938
6481
129
3801
4196
6933
9581
6471
2949
3657
8914
4873
5661
1007
9299
2423
3914
454
7174
4541
8333
5056
9100
7176
6355
4954
9963
8901
4989
1758
8316
378
2185
6531
6235
8835
1396
9292
4601
6787
5866
6254
1818
5659
5707
8294
4196
8582
3312
598
1781
9548
8357
9825
7082
4024
4261
4626
6508
7598
3072
3222
9834
8281
3498
3805
4962
1368
2263
848
6670
519
5947
7959
6116
6426
3641
6499
2970
4722
6002
5145
314
1948
1641
6036
6666
3431
349
2503
4518
1646
7149
2313
3376
2761
4400
2845
6368
2723
7270
1210
5265
6124
9290
4918
4935
7886
6911
6905
1641
724
7460
2992
7368
7844
4945
5897
309
6290
4207
6147
3303
1596
1666
685
9303
2014
2824
9259
4237
7956
3659
781
2798
2760
1771
6784
2237
7439
9299
522
7443
1057
1068
7200
8156
5291
2381
7061
9929
8419
9219
5223
5147
45
9468
9219
9687
5614
3116
6793
7987
8971
6002
5729
4680
8412
8090
7390
8701
4174
3981
1728
775
6558
3673
6042
7609
8832
214
8300
1752
6448
2346
2121
6840
9439
91
8489
9
9521
3792
6851
1104
1391
6843
4386
8714
7058
2686
1492
3811
9779
7429
4282
3
5822
1475
5276
3951
420
2210
5241
9654
1373
8423
1270
9265
4310
389
6367
9477
3761
3726
1831
4484
6409
6657
4474
394
9900
5828
9084
6829
2307
3279
6210
4802
9232
3009
6864
4997
6278
7257
8317
7842
5617
9165
6640
3438
6678
3438
2246
6489
7213
6597
509
6493
804
5830
8580
8316
8131
1852
1392
7345
5834
1936
3533
4384
5491
6033
5226
9667
326
5968
7541
6432
4863
5821
8947
9267
9555
2539
9957
4746
7823
3198
2146
2420
8920
4554
4282
9866
797
2121
6852
1955
1211
4904
1370
7323
5778
618
3599
9676
2991
8954
563
1657
701
7393
4543
3309
3967
2527
1186
242
3156
4707
8982
3121
806
6947
2636
6382
3244
622
4444
8673
8552
9596
5910
5821
8533
7869
3166
9565
8931
3623
5654
1730
9717
8451
5412
8225
7142
1696
4043
4932
8701
1244
9719
8518
5790
7165
3616
9515
4307
5816
8332
5633
7309
9000
6551
5891
8762
1488
9584
394
6794
6088
8063
4495
5468
4140
1896
6606
5841
4823
1715
7741
9279
9675
7420
855
2582
6376
4585
256
838
6072
5886
7783
6687
4918
2434
5173
5655
1219
9212
3976
7633
6326
6897
175
8299
8327
3412
3032
5986
3795
5319
9058
8169
9063
1658
2792
9518
917
1795
317
6249
1517
5502
5001
7789
1072
7801
679
6568
8282
7239
3657
3981
8550
807
3503
5042
5106
2055
8316
2331
3746
2855
921
2759
8865
7897
3086
4614
5275
5964
7705
3954
7098
8097
2377
8617
6934
9643
6478
2421
5682
3494
7570
512
7229
3305
9738
4166
3405
6385
1768
1615
5796
3253
395
1250
1755
7592
6246
1553
7381
5556
2400
983
6809
226
3443
7422
8431
8681
3331
1972
9068
7776
2212
587
4992
7773
2214
636
9600
7443
570
4489
2223
3631
5709
327
9070
919
8173
4804
5355
7246
9216
1769
3922
602
6366
7804
4819
2000
1883
6316
7101
5445
449
6575
7750
942
4630
8879
757
1058
5544
5607
5727
9573
5756
5726
6782
311
3313
4796
9187
8180
89
9361
3356
5538
564
9233
1554
1574
2787
8789
5633
6908
717
7274
7729
8430
6467
2320
2313
511
4668
9977
2499
4516
7331
9844
8174
7254
1373
9131
5914
6942
1599
7816
7683
957
2611
6582
2118
4106
1053
1476
3529
952
8617
7182
2963
5586
6191
6134
6965
6768
617
538
9463
9193
1387
3427
6030
8190
9037
844
2835
7122
654
141
4188
5095
8508
6268
2964
1058
8166
2954
3425
9607
4869
217
9783
7775
4722
9706
8543
7855
659
1898
4783
2574
206
6688
9483
2113
7578
1450
917
933
9790
9020
8932
5208
2773
7611
1007
1197
6690
6856
2872
1051
6271
4610
7446
2607
5334
5207
7759
4872
7548
3202
5639
8054
4247
3713
8805
7665
6466
6438
2019
796
7454
2448
506
4317
9255
6135
8283
2425
7048
8067
7087
6610
3091
1609
7707
7732
170
7805
894
6700
2632
2072
2545
9855
5150
4252
458
4055
7109
6139
9565
1086
4944
3583
4052
1688
2064
3597
1684
5694
3965
6241
7602
1894
9372
5895
9504
8733
5126
5586
8962
7459
4965
8445
3419
1644
1408
289
2108
7170
8123
3756
2252
4485
5819
8788
6228
7038
1430
2200
5062
7043
5690
1289
330
4471
2225
1303
3524
829
8880
2921
5123
3155
3720
5873
7213
4169
4605
4082
8202
5620
943
9044
7782
5145
2441
9847
5080
7455
9428
4572
7479
2953
9197
8276
3348
9881
5203
3345
3979
80
7326
5233
6181
4465
4698
122
7403
9423
6196
1825
292
2420
8397
1290
5083
1754
1675
8814
1853
8911
8290
7906
8311
319
8722
464
548
9263
5470
2444
5065
1224
5897
6174
4942
7608
4983
5730
6305
8944
6855
4003
1489
8658
3549
8731
2513
2114
5257
6324
592
680
4046
4099
8330
4334
9997
9376
1273
2135
7842
6767
9604
3230
4576
7448
8682
521
1641
7953
2043
4208
2644
6835
8204
8735
2560
9958
3305
6594
2330
3329
3278
721
4362
8823
9282
8421
2596
6215
9562
5791
2882
9692
1115
3631
9197
4154
8189
5685
4315
2679
5298
257
1341
5252
7323
1177
4685
1044
901
9426
6928
825
1376
1915
2845
2623
1673
7707
837
7895
4189
4496
7613
5993
6843
2573
9778
5413
3093
8647
9822
6875
6388
1782
5675
671
1918
7439
7965
3603
6751
1931
228
5072
1682
439
8433
6187
18
8933
5383
8583
5970
8250
6445
899
6065
6051
1680
1446
7422
3063
4011
2864
803
9036
7643
4951
7938
3216
9705
2386
6560
7043
9904
9355
435
3084
8980
2119
4470
6978
2007
5686
7774
6380
462
8423
2060
593
6894
5146
7197
5500
2972
2601
5800
8476
5846
9542
8318
7176
7517
9174
7565
3766
186
5459
1448
2377
9946
1483
6537
8772
1443
8046
395
7864
4882
862
303
7845
6969
9462
1947
1706
7690
3901
7283
6783
8232
1177
9543
2839
7241
7208
4206
3045
6577
4714
6764
4673
1892
3087
4757
6314
1915
1394
8679
9737
3697
6501
6595
7463
7912
875
3473
5330
8711
3637
2
9081
3859
8896
9874
5608
9218
3522
309
4971
1827
373
397
3836
5922
6328
6293
4034
3524
685
1489
3456
4831
8644
1582
5985
1979
2410
5899
6898
8489
5575
8472
7262
4866
6699
2237
9246
7196
3998
174
1561
5160
6290
5375
3955
4000
4456
2333
1790
9957
9934
2105
8900
4674
3683
180
5617
5883
6672
5354
2601
564
4893
3363
2439
9105
5963
9342
5230
2869
6509
4048
3465
7
2887
4574
4207
7493
9243
2703
9180
3487
4163
6455
2824
4142
968
9358
6540
7483
3003
7972
5587
8558
1934
998
2089
9142
6400
1876
5463
6833
9696
7543
5664
700
5589
851
1047
9538
9675
1974
6885
9587
4874
1931
112
2642
6216
670
9103
1632
3049
5401
7809
751
423
8808
4479
4907
2796
2894
921
6115
2276
9940
8336
3903
3818
4375
3986
2053
5138
5675
5706
6003
4625
6213
6883
6134
7570
4103
4011
4003
726
3627
124
2394
6030
7109
8551
4529
1820
1699
3865
2898
2753
2382
2895
8904
2278
9831
7009
90
6684
7978
27
8381
2018
2776
9278
165
1346
6898
8798
7472
1903
3907
2059
323
623
145
7602
9561
2054
5131
7729
9673
1080
8250
6060
8170
9116
44
7219
2607
150
7337
7827
8495
5572
6717
8211
4998
899
6361
4715
8805
6244
7248
8969
9053
402
832
1894
2079
6583
5872
8698
6562
8574
1072
8247
8266
7042
7837
4733
9711
9691
4162
6150
4680
1754
2017
4494
7588
4844
9627
5211
8712
8042
7210
1727
4924
6135
3486
2154
5193
7686
898
6718
220
1809
7029
6271
5291
9731
4379
4238
1756
4046
1614
8983
5931
7158
149
534
9901
5778
9363
6185
5575
6684
3036
7566
8683
2188
9439
8516
1471
2662
312
1097
6313
9970
578
7225
4733
4662
7836
9582
2133
2859
5386
1592
3052
992
6976
5850
2010
4592
2391
1842
5837
3127
9740
5579
4508
3691
3792
6302
4327
9882
4700
3301
7333
2151
6970
3229
2119
7294
4801
6010
9424
5704
7244
5368
7979
4012
7514
4267
5344
2802
1912
6189
708
1320
508
6720
5063
9862
7907
2528
3211
6907
3678
5376
8052
9637
430
4221
3845
8868
184
6280
9341
9980
6663
9937
1800
8031
5360
7343
4123
6018
5859
534
9023
6858
5982
9509
1742
7305
6367
8094
6018
5552
9934
5391
5215
4105
2793
1685
9832
1091
841
2003
3672
7028
9687
3936
1873
146
7297
2181
3006
5883
8702
5944
5859
5936
4345
3874
8224
1286
3075
673
3324
8282
700
6949
2465
3073
7934
7593
1273
2247
4231
9883
8413
5371
1674
3051
2382
7666
2458
2463
569
2802
5548
9080
5733
5913
5904
8335
9815
3807
1291
1379
4855
1903
614
2116
6502
6683
3551
9966
1990
8293
7868
5580
4075
1681
3656
7039
2641
4070
3309
7267
720
4993
5896
3356
1739
8290
5272
103
6936
2565
2532
6006
7144
8186
1425
3410
3029
4583
2915
1367
7268
1403
6753
2486
4683
6052
6053
7052
9827
9734
2788
3425
1916
4563
5327
6660
1288
342
4378
9229
9861
369
2016
6315
6231
4335
4691
8999
8542
8308
1423
1735
2906
7486
102
4765
2914
2902
8615
1289
8997
4535
5803
5879
2804
4219
5216
1553
9066
5822
4417
8664
6306
3425
2537
6639
4408
9337
2255
7792
9720
2710
1657
3293
7789
833
8594
8801
8102
2356
101
1883
6269
5614
4617
8466
818
4415
7473
7429
9384
2216
2643
3132
5398
8133
757
2295
7138
6344
1900
1000
2574
2797
7579
7134
4124
1226
6888
4134
555
9272
587
3323
3320
1247
3172
8977
6816
6467
4263
1151
7688
7165
5477
6209
7152
4167
2829
1248
1836
1167
9496
128
8783
2944
7989
893
6787
8154
8101
9103
8106
8625
1986
2308
7623
3395
2928
3118
2002
8884
4096
8812
1648
9501
1964
2059
2217
2287
8805
297
8036
1703
9425
5918
6223
7169
2672
1033
4133
8251
5566
3259
9002
2495
9829
1896
9575
7812
104
9044
6566
5976
8773
8948
1856
8597
5029
2335
4140
6337
242
3347
648
8999
420
7089
8162
3120
5447
177
4255
7656
7047
9305
6524
2069
8372
5897
6474
1510
2562
549
4536
7273
7695
5735
3946
7050
4711
1710
4176
310
9121
8874
2620
9338
5718
2812
158
5804
7079
6170
1219
3161
9141
5171
6818
2948
2037
1036
888
4973
9877
3321
1458
8238
1652
4601
5480
6094
9677
5420
5282
5395
9299
2849
3428
8625
599
1431
3704
522
4671
4933
1329
7299
8351
2157
3674
7487
9796
8218
1666
7498
35
1339
1848
8718
9959
8757
883
840
1709
7409
8798
2240
3291
5918
5522
4266
1785
5775
3234
7407
4962
2206
9966
526
2601
4222
7
2554
3202
272
3784
8376
873
8535
7241
7574
3846
8123
8200
6177
607
8594
5899
1870
5155
6588
1663
7264
1702
43
758
8590
7404
212
1353
3957
7784
9223
5969
6870
8481
2099
5769
6249
3467
5417
2747
2154
284
7596
7734
353
9018
113
7030
9871
3252
3447
1715
9351
7910
238
3788
5593
4776
9811
5442
5185
1104
2358
4753
3488
634
4380
8272
2080
976
618
3930
5498
7300
1212
6333
1245
2136
8989
1409
1728
2817
805
2967
3805
3106
6804
6586
5625
4325
5295
9419
6206
2090
9139
1312
6089
25
8729
5622
2888
8444
6374
7707
2424
7780
7412
2173
6025
9646
8104
6689
9134
331
7257
1676
8532
8549
5750
2078
8533
9365
9512
6734
301
2273
7279
6345
1352
5709
4718
8059
392
654
5955
5010
4763
3367
2849
5779
7583
3096
5885
8368
1707
3192
4129
6446
9956
7191
418
5319
5941
3914
8078
6999
2445
2834
5054
8972
4574
1876
1733
6831
9490
2219
5772
9585
7372
8879
1041
2542
6425
6744
3623
7682
6378
7149
3285
6986
9451
7382
6569
549
7349
288
8309
6385
8110
2579
8104
3663
2253
2310
3354
3243
4865
3226
7736
3575
8949
2527
6028
9865
8240
2736
8165
39
8668
7360
2349
9229
8568
5010
3253
154
5969
8258
2041
6896
9298
2161
1261
2681
4946
2555
1980
4753
3382
2090
8546
4630
4900
3562
6292
9020
8127
7256
9935
4687
7631
8344
7657
4960
8191
4032
4765
2357
2390
5878
2134
2266
5689
1508
2737
7654
9455
1598
441
8324
7150
947
6756
8373
1618
3056
3752
2191
5439
2999
9595
7628
6092
3861
9807
9839
1964
2023
9472
1050
6559
1406
765
2351
7479
8271
3103
1224
4323
8607
9854
4753
7217
5902
1399
6148
5092
4657
2751
6365
6515
4519
9702
8516
5708
6995
5372
5247
3335
8818
1709
9383
3325
7603
8619
998
2589
1914
2785
4612
9645
9466
221
7705
2528
653
4631
9538
5310
9396
8995
1077
796
2807
3789
592
3426
6657
9049
5247
6137
858
4108
9862
4209
321
4391
3127
432
1862
2111
222
7111
6209
3097
7486
1799
5564
883
331
4000
1093
714
4294
9326
9697
3983
9881
5416
3143
8227
9826
995
9823
2095
1747
7349
4755
3128
8531
9295
6370
5391
3022
712
8613
4425
49
9993
9683
3174
1451
501
1299
9281
9298
2504
4907
7138
3251
4238
4193
469
5988
2374
5634
4396
8118
1659
294
5092
1335
9731
4630
1610
5383
910
7225
7879
4566
5513
8162
3545
7805
4735
8659
562
946
2179
2229
4351
8414
2039
5245
9340
7907
1674
3118
4145
6472
1142
3297
28
9248
5523
4770
8015
3246
8234
6618
350
4960
3376
1971
1281
6835
8702
5003
4638
1576
9885
5099
3817
7733
418
4683
8231
6934
4674
143
643
814
877
8050
5339
6982
8753
6723
2916
1347
9273
8683
3846
7201
8434
7292
491
7610
688
3393
1235
979
7824
6553
4314
9003
5490
8135
582
2032
488
3764
8013
107
8877
3838
4062
3162
2576
280
4799
4902
1195
8932
1652
376
6330
6086
9418
7291
8044
2628
625
5170
7141
3162
5101
5019
3108
125
2580
772
9632
1519
2231
572
6729
5571
1555
670
4457
3290
5557
84
5713
2880
4465
7002
3843
8705
7378
2766
6652
3737
7092
6601
5368
9856
2711
3580
3151
1184
8670
2203
7961
2079
775
2053
5590
5757
840
9401
7836
1840
2217
9467
6091
5656
178
7033
8429
3057
7820
7965
3906
1616
9490
9337
9208
7050
8562
6661
8042
8111
2276
701
9035
3476
8541
1744
1480
1422
2818
4132
7414
51
8523
1517
5335
797
1410
3024
9559
9421
1698
2153
5439
793
2211
5376
9772
1657
538
7913
2635
1311
4351
1221
4794
5890
4389
8307
6145
6842
5177
8146
2328
1435
7957
1140
3723
5242
4585
2001
2898
1383
6386
1138
7235
4937
8903
4206
9072
5223
7561
703
9850
5461
3334
2202
3928
5057
6290
8273
9498
6826
4485
601
6633
826
5883
7876
9640
5168
7440
7366
9819
8430
3101
3438
1156
1881
1562
3692
9063
4440
4187
6344
2697
6123
1159
3228
8048
9782
6301
9881
8456
9384
950
8323
4088
4283
4977
6998
91
889
3431
9904
7186
1762
1023
3730
279
4642
9985
7919
4119
6982
6619
6216
8250
8092
2215
6083
7232
7610
7811
6877
446
1080
3558
1133
916
4996
3806
2032
6226
8094
9220
596
8004
5945
9155
3350
2168
7348
4977
4862
5729
8358
8247
658
7898
7043
3580
7273
9411
8361
5200
5516
8149
733
9678
4391
117
988
745
7902
7075
8873
6937
5047
1678
8924
2971
3693
5524
2177
8988
2858
8145
3657
2325
3421
3139
3794
576
4103
6067
13
5952
1889
8330
7165
1690
7361
499
7756
1712
8570
6840
126
2572
3763
5044
5027
5822
5768
9779
2274
5482
910
887
7034
6445
1518
2075
5600
9352
9642
5469
7321
2201
1768
862
8488
3246
7477
9221
1963
1712
4462
2924
4115
9742
719
1288
4024
848
1893
5663
9229
7057
3936
5052
860
1183
8082
6037
8552
8934
3331
8126
6970
9408
1766
2435
3777
3991
9170
3800
539
1652
3121
4502
7564
9258
7418
482
7629
4969
3935
13
2395
8183
8470
8424
3714
189
9737
7590
4373
4018
961
3483
4064
1786
4368
6972
5440
9114
8081
8174
8110
6576
1895
3230
2786
2490
5734
3758
1134
769
8255
5459
4086
4950
3304
6030
6497
9723
6657
5083
5661
4501
9202
1852
203
6794
5614
7497
6681
109
1703
4712
715
8430
3124
7434
9930
779
8490
6465
6465
9051
1206
9707
3055
8674
4817
3730
8987
4046
2056
7055
6645
8212
2076
9344
5513
9811
7791
3946
5535
2613
5717
3981
449
2078
3762
4007
4510
8715
2811
5845
2281
8750
1025
5509
372
6659
5365
599
6732
9261
1545
1405
9269
4596
9385
4930
1284
3815
6548
3972
3832
710
6417
4229
1786
6501
6152
4635
9545
5160
6445
9468
6255
4209
3988
4499
9334
8251
2500
2288
3828
1911
1741
4635
3311
1961
5393
2769
3870
1289
9039
861
7069
140
1823
1273
4293
1970
7627
9492
5078
3514
8161
1299
8675
1362
6554
2007
1980
6711
4052
7829
102
3713
3221
2382
5532
2006
7458
7175
1593
1521
4163
736
8012
4491
2225
7629
2988
1295
2399
9625
4819
2532
2024
7405
6612
6342
4720
4388
510
9871
3082
2116
9655
9079
9500
4285
4946
5202
2478
6971
9557
425
7913
6730
6357
9366
6760
3330
2467
11
9779
5063
8516
2805
6156
2957
9721
4260
772
1082
9635
3909
582
2137
8745
4698
2805
356
7699
905
768
2305
5822
4463
83
2872
4512
8222
4646
548
2360
6010
8909
7121
5013
7110
5110
9774
9353
5154
7276
4048
8989
461
5483
9356
2596
7087
4676
1059
4602
3018
1058
8924
8464
7704
1574
5118
3687
3045
3958
6786
9527
9788
5705
1586
9584
9926
8283
7762
4061
8376
7959
2085
1015
192
757
7630
9319
8643
4001
6876
5387
4166
7560
3811
8624
1599
9737
8923
7185
2780
8422
5459
7237
5740
9902
1961
1629
2772
4329
6659
5752
8866
6166
8074
2690
1507
3034
6528
4879
2130
4346
4312
221
5681
7338
3195
3668
4826
3690
3359
4252
6840
999
7475
1724
1647
3281
6245
8600
2196
6562
7054
3855
1214
3969
8750
8055
936
7562
